image: flat_map_keepout.png
resolution: 0.050000
origin: [-7.197271, -8.615366, 0.000000]
negate: 0
occupied_thresh: 0.65
free_thresh: 0.196

