image: maze_map.pgm
resolution: 0.050000
origin: [-1.435912, -2.222622, 0.000000]
negate: 0
occupied_thresh: 0.65
free_thresh: 0.196

